0.4732386292039341
0.2194580112445994
0.12679874161670357
0.0916979644169964
0.07837607520402834
0.07383645240591585
0.07219596761832747
0.07161614321571452
0.07143229545382823
0.00005000193754423066
0.000022275872826771348
0.000008408981628349466
0.0000028638327127517016
0.0000028638327127517016
0.0000026812969959877364
0.0000026812969959877364
0.0000026812969959877364
0.0000026812969959877364
0.00000009126545741366954
0.00000009126545741366954
0.00000009126545741366954
0.00000009126545741366954
0.00000009126545741366954
0.00000009126545741366954
0.00000009126545741366954
0.00000009126545741366954
0.00000009126545741366954
0.00000009126545741366954
0.00000009126545741366954
0.00000009126545741366954
0.00000009126545741366954
0.00000009126545741366954
0.00000009126545741366954
0.00000009126545741366954
0.00000009126545741366954
0.00000009126545741366954
0.00000009126545741366954
0.00000009126545741366954
0.00000009126545741366954
0.00000009126545741366954
0.00000009126545741366954
0.00000009126545741366954
0.00000009126545741366954
0.00000009126545741366954
0.00000009126545741366954
0.00000009126545741366954
0.00000009126549871396605
0.00000009126549871396605
0.00000009126549871396605
0.00000009126549871396605
0.00000009126549871396605
0.00000009126549871396605
0.00000009126549871396605
0.00000009126549871396605
0.00000009126549871396605
0.00000009126549871396605
0.00000009126549871396605
0.00000009126549871396605
0.00000009126549871396605
0.00000009126549871396605
0.00000009126549871396605
0.00000009126549871396605
0.00000009126549871396605
0.00000009126549871396605
0.00000009126549871396605
0.00000009126549871396605
0.00000009126549871396605
0.00000009126549871396605
0.00000009126549871396605
0.00000009126549871396605
0.00000009126549871396605
0.00000009126549871396605
0.00000009126549871396605
0.00000009126549871396605
0.00000009126549871396605
0.00000009126549871396605
0.00000009126550937210709
0.00000009126550937210709
0.00000009126550937210709
0.00000009126550937210709
0.00000009126550937210709
0.00000009126550937210709
0.00000009126550937210709
0.00000009126550937210709
0.00000009126550937210709
0.00000009126550937210709
0.00000009126550937210709
0.00000009126550937210709
0.00000009126550937210709
0.00000009126550937210709
0.00000009126550937210709
0.00000009126550937210709
0.00000009126550937210709
0.00000009126550937210709
0.00000009126550937210709
0.00000009126550937210709
0.00000009126550937210709
0.00000009126550937210709
0.00000009126550937210709
0.00000009126550937210709
0.00000009126550937210709
0.00000009126550937210709
0.00000009126550937210709
0.00000009126550937210709
0.00000009126550937210709
0.00000009126550937210709
0.00000009126550937210709
0.00000009126551470117761
0.00000009126551470117761
0.00000009126551470117761
0.00000009126551470117761
0.00000009126551470117761
0.00000009126551470117761
0.00000009126551470117761
0.00000009126551470117761
0.00000009126551470117761
0.00000009126551470117761
0.00000009126551470117761
0.00000009126551470117761
0.00000009126551470117761
0.00000009126551470117761
0.00000009126551470117761
0.00000009126551470117761
0.00000009126551470117761
0.00000009126551470117761
0.00000009126551470117761
0.00000009126551470117761
0.00000009126551470117761
0.00000009126551470117761
0.00000009126551470117761
0.00000009126551470117761
0.00000009126551470117761
0.00000009126551470117761
0.00000009126551470117761
0.00000009126551470117761
0.00000009126551470117761
0.00000009126551470117761
0.00000009126551470117761
0.00000009126551470117761
0.00000009126551470117761
0.00000009126551692162366
0.00000009126551692162366
0.00000009126551692162366
0.00000009126551692162366
0.00000009126551692162366
0.00000009126551692162366
0.00000009126551692162366
0.00000009126551692162366
0.00000009126551692162366
0.00000009126551692162366
0.00000009126551692162366
0.00000009126551692162366
0.00000009126551692162366
0.00000009126551692162366
0.00000009126551692162366
0.00000009126551692162366
0.00000009126551692162366
0.00000009126551692162366
0.00000009126551692162366
0.00000009126551692162366
0.00000009126551692162366
0.00000009126551692162366
0.00000009126551692162366
0.00000009126551692162366
0.00000009126551692162366
0.00000009126551692162366
0.00000009126551692162366
0.00000009126551692162366
0.00000009126551692162366
0.00000009126551692162366
0.00000009126551692162366
0.00000009126551692162366
0.00000009126551692162366
0.00000009126551692162366
0.00000009126551692162366
0.00000009126551692162366
0.00000009126551692162366
0.00000009126551692162366
0.00000009126551692162366
0.00000009126551692162366
0.00000009126551692162366
0.00000009126551692162366
0.00000009126551692162366
0.00000009126551692162366
0.00000009126551692162366
0.00000009126551692162366
0.00000009126551692162366
0.00000009126551692162366
0.00000009126551692162366
0.00000009126551692162366
0.00000009126551692162366
0.00000009126551692162366
0.00000009126551692162366
0.00000009126551692162366
0.00000009126551692162366
0.00000009126551692162366
0.00000009126551692162366
0.00000009126551692162366
0.00000009126551692162366
0.00000009126551692162366
0.00000009126551692162366
0.00000009126551692162366
0.00000009126551692162366
0.00000009126551692162366
0.00000009126551692162366
0.00000009126551692162366
0.00000009126551692162366
0.00000009126551692162366
0.00000009126551692162366
0.00000009126551692162366
0.00000009126551692162366
0.00000009126551692162366
0.00000009126551692162366
0.00000009126551692162366
0.00000009126551692162366
0.00000009126551692162366
0.00000009126551692162366
0.00000009126551692162366
0.00000009126551692162366
0.00000009126551692162366
0.00000009126551692162366
0.00000009126551692162366
0.00000009126551692162366
0.00000009126551692162366
0.00000009126551692162366
0.00000009126551692162366
0.00000009126551692162366
0.00000009126551692162366
0.00000009126551692162366
0.00000009126551692162366
0.00000009126551692162366
0.00000009126551692162366
0.00000009126551692162366
0.00000009126551692162366
0.00000009126551692162366
0.00000009126551692162366
0.00000009126551692162366
0.00000009126551692162366
0.00000009126551692162366
0.00000009126551692162366
0.00000009126551692162366
0.00000009126551692162366
0.00000009126551692162366
0.00000009126551692162366
0.00000009126551692162366
0.00000009126551692162366
0.00000009126551692162366
0.00000009126551692162366
0.00000009126551692162366
0.00000009126551692162366
0.00000009126551692162366
0.00000009126551692162366
0.00000009126551692162366
0.00000009126551692162366
0.00000009126551692162366
0.00000009126551692162366
0.00000009126551692162366
0.00000009126551692162366
0.00000009126551692162366
0.00000009126551692162366
0.00000009126551692162366
0.00000009126551692162366
0.00000009126551692162366
0.00000009126551692162366
0.00000009126551692162366
0.00000009126551692162366
0.00000009126551692162366
0.00000009126551692162366
0.00000009126551692162366
0.00000009126551692162366
0.00000009126551692162366
0.00000009126551692162366
0.00000009126551692162366
0.00000009126551692162366
0.00000009126551692162366
0.00000009126551692162366
0.00000009126551692162366
0.00000009126551692162366
0.00000009126551692162366
0.00000009126551692162366
0.00000009126551692162366
0.00000009126551692162366
0.00000009126551692162366
0.00000009126551692162366
0.00000009126551692162366
0.00000009126551692162366
0.00000009126551692162366
0.00000009126551692162366
0.00000009126551692162366
0.00000009126551692162366
0.00000009126551692162366
0.00000009126551692162366
0.00000009126551692162366
0.00000009126551692162366
0.00000009126551692162366
0.00000009126551692162366
0.00000009126551692162366
0.00000009126551692162366
0.00000009126551692162366
0.00000009126551692162366
0.00000009126551692162366
0.00000009126551692162366
0.00000009126551692162366
0.00000009126551692162366
0.00000009126551692162366
0.00000009126551692162366
0.00000009126551692162366
0.00000009126551692162366
0.00000009126551692162366
0.00000009126551692162366
0.00000009126551692162366
0.00000009126551692162366
0.00000009126551692162366
0.00000009126551692162366
0.00000009126551692162366
0.00000009126551692162366
0.00000009126551692162366
0.00000009126551692162366
0.00000009126551692162366
0.00000009126551692162366
0.00000009126551692162366
0.00000009126551692162366
0.00000009126551692162366
0.00000009126551692162366
0.00000009126551692162366
0.00000009126551692162366
0.00000009126551692162366
0.00000009126551692162366
0.00000009126551692162366
0.00000009126551692162366
0.00000009126551692162366
0.00000009126551692162366
0.00000009126551692162366
0.00000009126551692162366
0.00000009126551692162366
0.00000009126551692162366
0.00000009126551692162366
0.00000009126551692162366
0.00000009126551692162366
0.00000009126551692162366
0.00000009126551692162366
0.00000009126551692162366
0.00000009126551692162366
0.00000009126551692162366
0.00000009126551692162366
0.00000009126551692162366
0.00000009126551692162366
0.00000009126551692162366
0.00000009126551692162366
0.00000009126551692162366
0.00000009126551692162366
0.00000009126551692162366
0.00000009126551692162366
0.00000009126551692162366
0.00000009126551692162366
0.00000009126551692162366
0.00000009126551692162366
0.00000009126551692162366
0.00000009126551692162366
0.00000009126551692162366
0.00000009126551692162366
0.00000009126551692162366
0.00000009126551692162366
0.00000009126551692162366
0.00000009126551692162366
0.00000009126551692162366
0.00000009126551692162366
0.00000009126551692162366
0.00000009126551692162366
0.00000009126551692162366
0.00000009126551692162366
0.00000009126551692162366
0.00000009126551692162366
0.00000009126551692162366
0.00000009126551692162366
0.00000009126551692162366
0.00000009126551692162366
0.00000009126551692162366
0.00000009126551692162366
0.00000009126551692162366
0.00000009126551692162366
0.00000009126551692162366
0.00000009126551692162366
0.00000009126551692162366
0.00000009126551692162366
0.00000009126551692162366
0.00000009126551692162366
0.00000009126551692162366
0.00000009126551692162366
0.00000009126551692162366
0.00000009126551692162366
0.00000009126551692162366
0.00000009126551692162366
0.00000009126551692162366
0.00000009126551692162366
0.00000009126551692162366
0.00000009126551692162366
0.00000009126551692162366
0.00000009126551692162366
0.00000009126551692162366
0.00000009126551692162366
0.00000009126551692162366
0.00000009126551692162366
0.00000009126551692162366
0.00000009126551692162366
0.00000009126551692162366
0.00000009126551692162366
0.00000009126551692162366
0.00000009126551692162366
0.00000009126551692162366
0.00000009126551692162366
0.00000009126551692162366
0.00000009126551692162366
0.00000009126551692162366
0.00000009126551692162366
0.00000009126551692162366
0.00000009126551692162366
0.00000009126551692162366
0.00000009126551692162366
0.00000009126551692162366
0.00000009126551692162366
0.00000009126551692162366
0.00000009126551692162366
0.00000009126551692162366
0.00000009126551692162366
0.00000009126551692162366
0.00000009126551692162366
0.00000009126551692162366
0.00000009126551692162366
0.00000009126551692162366
0.00000009126551692162366
0.00000009126551692162366
0.00000009126551692162366
0.00000009126551692162366
0.00000009126551692162366
0.00000009126551692162366
0.00000009126551692162366
0.00000009126551692162366
0.00000009126551692162366
0.00000009126551692162366
0.00000009126551692162366
0.00000009126551692162366
0.00000009126551692162366
0.00000009126551692162366
0.00000009126551692162366
0.00000009126551692162366
0.00000009126551692162366
0.00000009126551692162366
0.00000009126551692162366
0.00000009126551692162366
0.00000009126551692162366
0.00000009126551692162366
0.00000009126551692162366
0.00000009126551692162366
0.00000009126551692162366
0.00000009126551692162366
0.00000009126551692162366
0.00000009126551692162366
0.00000009126551692162366
0.00000009126551692162366
0.00000009126551692162366
0.00000009126551692162366
0.00000009126551692162366
0.00000009126551692162366
0.00000009126551692162366
0.00000009126551692162366
0.00000009126551692162366
0.00000009126551692162366
0.00000009126551692162366
0.00000009126551692162366
0.00000009126551692162366
0.00000009126551692162366
0.00000009126551692162366
0.00000009126551692162366
0.00000009126551692162366
0.00000009126551692162366
0.00000009126551692162366
0.00000009126551692162366
0.00000009126551692162366
0.00000009126551692162366
0.00000009126551692162366
0.00000009126551692162366
0.00000009126551692162366
0.00000009126551692162366
0.00000009126551692162366
0.00000009126551692162366
0.00000009126551692162366
0.00000009126551692162366
0.00000009126551692162366
0.00000009126551692162366
0.00000009126551692162366
0.00000009126551692162366
0.00000009126551692162366
0.00000009126551692162366
0.00000009126551692162366
0.00000009126551692162366
0.00000009126551692162366
0.00000009126551692162366
0.00000009126551692162366
0.00000009126551692162366
0.00000009126551692162366
0.00000009126551692162366
0.00000009126551692162366
0.00000009126551692162366
0.00000009126551692162366
0.00000009126551692162366
0.00000009126551692162366
0.00000009126551692162366
0.00000009126551692162366
0.00000009126551692162366
0.00000009126551692162366
0.00000009126551692162366
0.00000009126551692162366
0.00000009126551692162366
0.00000009126551692162366
0.00000009126551692162366
0.00000009126551692162366
0.00000009126551692162366
0.00000009126551692162366
0.00000009126551692162366
0.00000009126551692162366
0.00000009126551692162366
0.00000009126551692162366
0.00000009126551692162366
0.00000009126551692162366
0.00000009126551692162366
0.00000009126551692162366
0.00000009126551692162366
0.00000009126551692162366
0.00000009126551692162366
0.00000009126551692162366
0.00000009126551692162366
0.00000009126551692162366
0.00000009126551692162366
0.00000009126551692162366
0.00000009126551692162366
0.00000009126551692162366
0.00000009126551692162366
0.00000009126551692162366
0.00000009126551692162366
0.00000009126551692162366
0.00000009126551692162366
0.00000009126551692162366
0.00000009126551692162366
0.00000009126551692162366
0.00000009126551692162366
0.00000009126551692162366
0.00000009126551692162366
0.00000009126551692162366
0.00000009126551692162366
0.00000009126551692162366
0.00000009126551692162366
0.00000009126551692162366
0.00000009126551692162366
0.00000009126551692162366
0.00000009126551692162366
0.00000009126551692162366
0.00000009126551692162366
0.00000009126551692162366
0.00000009126551692162366
0.00000009126551692162366
0.00000009126551692162366
0.00000009126551692162366
0.00000009126551692162366
0.00000009126551692162366
0.00000009126551692162366
0.00000009126551692162366
0.00000009126551692162366
0.00000009126551692162366
0.00000009126551692162366
0.00000009126551692162366
0.00000009126551692162366
0.00000009126551692162366
0.00000009126551692162366
0.00000009126551692162366
0.00000009126551692162366
0.00000009126551692162366
0.00000009126551692162366
0.00000009126551692162366
0.00000009126551692162366
0.00000009126551692162366
0.00000009126551692162366
0.00000009126551692162366
0.00000009126551692162366
0.00000009126551692162366
0.00000009126551692162366
0.00000009126551692162366
0.00000009126551692162366
0.00000009126551692162366
0.00000009126551692162366
0.00000009126551692162366
0.00000009126551692162366
0.00000009126551692162366
0.00000009126551692162366
0.00000009126551692162366
0.00000009126551692162366
0.00000009126551692162366
0.00000009126551692162366
0.00000009126551692162366
0.00000009126551692162366
0.00000009126551692162366
0.00000009126551692162366
0.00000009126551692162366
0.00000009126551692162366
0.00000009126551692162366
0.00000009126551692162366
0.00000009126551692162366
0.00000009126551692162366
0.00000009126551692162366
0.00000009126551692162366
0.00000009126551692162366
0.00000009126551692162366
0.00000009126551692162366
0.00000009126551692162366
0.00000009126551692162366
0.00000009126551692162366
0.00000009126551692162366
0.00000009126551692162366
0.00000009126551692162366
0.00000009126551692162366
0.00000009126551692162366
0.00000009126551692162366
0.00000009126551692162366
0.00000009126551692162366
0.00000009126551692162366
0.00000009126551692162366
0.00000009126551692162366
0.00000009126551692162366
0.00000009126551692162366
0.00000009126551692162366
0.00000009126551692162366
0.00000009126551692162366
0.00000009126551692162366
0.00000009126551692162366
0.00000009126551692162366
0.00000009126551692162366
0.00000009126551692162366
0.00000009126551692162366
0.00000009126551692162366
0.00000009126551692162366
0.00000009126551692162366
0.00000009126551692162366
0.00000009126551692162366
0.00000009126551692162366
0.00000009126551692162366
0.00000009126551692162366
0.00000009126551692162366
0.00000009126551692162366
0.00000009126551692162366
0.00000009126551692162366
0.00000009126551692162366
0.00000009126551692162366
0.00000009126551692162366
0.00000009126551692162366
0.00000009126551692162366
0.00000009126551692162366
0.00000009126551692162366
0.00000009126551692162366
0.00000009126551692162366
0.00000009126551692162366
0.00000009126551692162366
0.00000009126551692162366
0.00000009126551692162366
0.00000009126551692162366
0.00000009126551692162366
0.00000009126551692162366
0.00000009126551692162366
0.00000009126551692162366
0.00000009126551692162366
0.00000009126551692162366
0.00000009126551692162366
0.00000009126551692162366
0.00000009126551692162366
0.00000009126551692162366
0.00000009126551692162366
0.00000009126551692162366
0.00000009126551692162366
0.00000009126551692162366
0.00000009126551692162366
0.00000009126551692162366
0.00000009126551692162366
0.00000009126551692162366
0.00000009126551692162366
0.00000009126551692162366
0.00000009126551692162366
0.00000009126551692162366
0.00000009126551692162366
0.00000009126551692162366
0.00000009126551692162366
0.00000009126551692162366
0.00000009126551692162366
0.00000009126551692162366
0.00000009126551692162366
0.00000009126551692162366
0.00000009126551692162366
0.00000009126551692162366
0.00000009126551692162366
0.00000009126551692162366
0.00000009126551692162366
0.00000009126551692162366
0.00000009126551692162366
0.00000009126551692162366
0.00000009126551692162366
0.00000009126551692162366
0.00000009126551692162366
0.00000009126551692162366
0.00000009126551692162366
0.00000009126551692162366
0.00000009126551692162366
0.00000009126551692162366
0.00000009126551692162366
0.00000009126551692162366
0.00000009126551692162366
0.00000009126551692162366
0.00000009126551692162366
0.00000009126551692162366
0.00000009126551692162366
0.00000009126551692162366
0.00000009126551692162366
0.00000009126551692162366
0.00000009126551692162366
0.00000009126551692162366
0.00000009126551692162366
0.00000009126551692162366
0.00000009126551692162366
0.00000009126551692162366
0.00000009126551692162366
0.00000009126551692162366
0.00000009126551692162366
0.00000009126551692162366
0.00000009126551692162366
0.00000009126551692162366
0.00000009126551692162366
0.00000009126551692162366
0.00000009126551692162366
0.00000009126551692162366
0.00000009126551692162366
0.00000009126551692162366
0.00000009126551692162366
0.00000009126551692162366
0.00000009126551692162366
0.00000009126551692162366
0.00000009126551692162366
0.00000009126551692162366
0.00000009126551692162366
0.00000009126551692162366
0.00000009126551692162366
0.00000009126551692162366
0.00000009126551692162366
0.00000009126551692162366
0.00000009126551692162366
0.00000009126551692162366
0.00000009126551692162366
0.00000009126551692162366
0.00000009126551692162366
0.00000009126551692162366
0.00000009126551692162366
0.00000009126551692162366
0.00000009126551692162366
0.00000009126551692162366
0.00000009126551692162366
0.00000009126551692162366
0.00000009126551692162366
0.00000009126551692162366
0.00000009126551692162366
0.00000009126551692162366
0.00000009126551692162366
0.00000009126551692162366
0.00000009126551692162366
0.00000009126551692162366
0.00000009126551692162366
0.00000009126551692162366
0.00000009126551692162366
0.00000009126551692162366
0.00000009126551692162366
0.00000009126551692162366
0.00000009126551692162366
0.00000009126551692162366
0.00000009126551692162366
0.00000009126551692162366
0.00000009126551692162366
0.00000009126551692162366
0.00000009126551692162366
0.00000009126551692162366
0.00000009126551692162366
0.00000009126551692162366
0.00000009126551692162366
0.00000009126551692162366
0.00000009126551692162366
0.00000009126551692162366
0.00000009126551692162366
0.00000009126551692162366
0.00000009126551692162366
0.00000009126551692162366
0.00000009126551692162366
0.00000009126551692162366
0.00000009126551692162366
0.00000009126551692162366
0.00000009126551692162366
0.00000009126551692162366
